coeff00: +3.28671253798158E-45
coeff01: +1.15523042357223E+01
coeff02: -2.92342552286817E-43
coeff03: -6.77794513440968E+01
coeff04: +9.33659553243619E-43
coeff05: +1.25283740404562E+02
coeff06: -6.41319512076187E-43
coeff07: -6.90142908232934E+01
