coeff00: +6.41087388948633E-46
coeff01: +9.65167636181626E+00
coeff02: -1.22822329506037E-43
coeff03: -6.16939174538469E+01
coeff04: +6.20624566340835E-43
coeff05: +1.55170351652298E+02
coeff06: -9.96218491919333E-43
coeff07: -1.82697582383214E+02
coeff08: +7.27748968270610E-43
coeff09: +1.12910726525406E+02
coeff10: -2.69134924845614E-43
coeff11: -3.77752411770263E+01
coeff12: +4.93235088742835E-44
coeff13: +6.47503909732344E+00
coeff14: -3.56876826458906E-45
coeff15: -4.45613365723361E-01
