coeff00: +4.77710576312791E-47
coeff01: +5.25888355571745E+00
coeff02: -2.94571921438375E-45
coeff03: -3.37233593794284E+01
coeff04: +4.43279401132879E-44
coeff05: +1.64983085013457E+02
coeff06: -2.76863985519552E-43
coeff07: -5.41408891406992E+02
coeff08: +9.15181002994263E-43
coeff09: +1.22296207997963E+03
coeff10: -1.82071128047940E-42
coeff11: -1.95201910566479E+03
coeff12: +2.34852758455781E-42
coeff13: +2.24084021378300E+03
coeff14: -2.05169300503205E-42
coeff15: -1.86634916983170E+03
coeff16: +1.24157528220800E-42
coeff17: +1.12722117843121E+03
coeff18: -5.22850779777304E-43
coeff19: -4.88070474638380E+02
coeff20: +1.50923249713814E-43
coeff21: +1.47497846308920E+02
coeff22: -2.85763045364643E-44
coeff23: -2.95171048879526E+01
coeff24: +3.20768549654760E-45
coeff25: +3.51269520930994E+00
coeff26: -1.62263985493395E-46
coeff27: -1.88101836557879E-01
